8.489591293986564757e-02 7.407903961674396909e-01 1.032677654983569088e-01 -8.692737342703125147e-01 1.229928170691550804e+00 -6.596285147853474529e-01 -8.532649489457849734e-01 -7.621082601349283836e-01 7.924644464298019608e-01 -1.505903630909045665e+00
-4.161218189718046134e-01 3.133697126918737891e-02 6.520568421516631519e-01 -7.350261431316494898e-01 -7.996616575163227603e-02 -1.153519330357393402e+00 9.719062315499928939e-01 -7.697188977171616209e-01 5.142937276092325316e-01 -1.295170203355394012e+00
-1.115304594998720589e+00 -4.118229011539541462e-01 -1.886435901692833372e+00 1.454862696596353755e-01 -1.415788845502368998e-01 -7.670882421649051486e-02 4.421637076288225665e-01 -4.212445087521713427e-01 8.656520127936087050e-01 6.517159801315809686e-02
-2.700137854940551918e-01 1.403043842968822119e+00 -1.351249468715472191e-02 -3.012279002772014769e-01 -1.483336965618141434e+00 -2.421876977659316588e-02 1.875887402766694079e+00 -1.965207143908082932e+00 -1.154716849495076136e+00 -1.597634973735991615e+00
6.285494746318119885e-01 -3.170966130219622925e-01 7.770327066994604792e-02 -4.499019795634416341e-01 2.048396194403978299e-01 -1.083837562213971983e+00 -5.729801000711685216e-02 4.743369533309877428e-01 -9.850009328000181030e-01 -4.238931490685791115e-01
-1.991338111342083161e+00 6.440487751916157411e-01 1.040851370916207275e+00 -1.253580539100382696e+00 -1.189157468394011596e+00 -1.404785587008196002e+00 -3.124970598195502824e-01 9.818017013972697438e-01 -1.127860059177292928e+00 1.164138855702261610e+00
1.318106760881910589e+00 -4.958285319445002171e-01 3.104884717100854230e-01 -3.014674066412567632e-01 -5.380083751449810103e-01 -1.308708960973085089e+00 6.728521221290169052e-01 -2.657391170995518359e-01 6.268477067899445865e-02 -4.268096518632367165e-01
-7.574292415203555395e-02 -2.596092408966278395e-02 -7.618148879267108153e-01 1.312125338578095102e+00 -2.809665527374051397e+00 -1.358152600105284602e-01 -2.115799672459915737e+00 9.545748062270650869e-02 1.141722311948853319e+00 9.601495697207127478e-01
-2.202284762624244219e-01 -3.569558518635056465e-01 -1.517727249253406629e-01 -7.364675247780958500e-01 -1.129829380989355370e+00 -1.032676483145080537e+00 -2.529145249999961362e-02 2.808649327147304309e+00 -5.511788199237189767e-01 -2.237712361724370158e+00
-1.847756711777589489e+00 -5.283457007632162972e-01 -2.176436189027231294e-01 1.954044233535831898e+00 -2.601958390610666361e-01 -2.482850664918148542e+00 -6.080261787630752979e-02 -3.196096891507853033e-01 -1.333377715368494920e+00 5.814842479235987627e-01
-1.022699760207045783e+00 -5.657478852775431610e-01 -3.657664318520220115e-01 -1.354554508946961056e+00 -1.711796438249846730e+00 -1.651693404896511730e+00 -1.465157063230543066e+00 -1.478432108859221383e+00 -4.270083511067058191e-01 -1.746425428632941035e+00
-8.862212258465075321e-01 -1.638392330994931090e+00 -6.698733064667379278e-01 -1.703740992124654685e+00 1.831520332554091579e-01 5.608460267407802124e-01 3.344014060675318811e-01 -9.132817281880014626e-01 -1.038774138330336605e+00 9.464859721211930088e-01
3.213535667441936305e-01 -8.627104956606239661e-01 2.056139861814280323e+00 -1.069586645327859964e+00 -1.125155272613743707e+00 -2.696857093145874074e-01 -1.335164308256847843e+00 -1.919756596978048346e-01 -9.281157216373520091e-01 -3.804157906845463399e-01
-1.335896543285701177e-01 -2.513551969384350659e+00 6.501540020016876031e-01 -1.084135739898945294e+00 -7.208189480956325168e-01 2.201423856136738855e-02 -1.667933518318369002e+00 -6.841628347925537978e-01 3.932798059059204321e-01 7.288413569818700255e-01
-2.640288292602768205e-01 -5.105959233089153448e-01 2.570007268020783608e-01 -1.575275211974464629e+00 -3.194091311002800193e-01 2.114316747694464649e+00 -2.101637060639892918e-01 2.786649178828120021e-01 -1.613870453421900830e+00 -9.080451267314597341e-02
8.828637265768696230e-01 -2.154044037497943265e+00 5.489547285920419739e-01 5.957029872850977403e-01 -3.338674118854465522e-01 9.417781124148744132e-01 -5.693253743400420452e-01 -2.360486950627358915e+00 -4.914018239313121539e-01 -1.808771397863699337e-01
4.319877540373395775e-01 -1.506633805280064742e+00 -2.077610526018447978e-01 -3.671168209861037646e-01 -5.977504130341276811e-01 -1.330535562335312783e+00 -1.105231230723611846e+00 -2.003162109596446250e+00 -2.098538987309692683e-01 7.567642196086822315e-01
-2.915836172748017319e+00 -1.021309246945009269e-01 -9.203888878852212185e-02 1.006057378063700547e+00 1.083576198898964726e+00 6.746501886594148401e-01 5.422678345872488093e-01 -9.555462001264896088e-01 -1.197608557071126567e+00 -6.590148923843652806e-01
8.011521165346605633e-01 -1.606443431901972252e+00 -7.368561079077657894e-01 -3.414927795997106386e-01 2.008888784165260510e+00 9.677687166432449306e-01 -5.879765016201641270e-01 4.565158092227375453e-01 -2.496981598260838986e+00 -2.431319824512770289e+00
1.347318317497838036e+00 -6.866057008581842869e-01 -2.122798046734385657e+00 -7.529653599151654442e-01 -1.553621881860822507e+00 1.380531778123794018e+00 2.493078672298924658e+00 -4.613580146566884643e-01 -1.927092568735517375e+00 -7.258581869263417419e-01
-4.628187248393056952e-01 -2.163527961331936034e+00 1.822723103549579005e+00 -2.491436142553135724e+00 6.399513911059934168e-01 -1.350083614606621740e+00 1.743541624840563298e+00 1.030212710541349441e+00 -6.885996794096137519e-01 -2.406668891402367616e-01
-6.806699500385336998e-01 1.141465134173549334e+00 3.040971900735724986e-01 -2.678289507770087230e+00 -8.070588297684808676e-01 -1.170956482227126561e+00 2.039183596259720455e-01 -6.409445844738173026e-01 1.831450390151241336e+00 -1.280200610078407575e+00
7.259617581725363866e-01 4.181559797285016034e-01 1.320106568394315838e+00 2.206059415029637094e+00 -2.252597910073275589e+00 -7.420244886266336160e-01 -2.213428018964272770e+00 1.102907793643942869e+00 -2.717244575556405195e+00 -2.771769369876561750e+00
-6.874416832776988340e-01 2.356714804806237851e+00 -3.035947723766795892e-01 -1.157884730937845497e+00 -5.149785199216563303e-01 1.714997853576607945e+00 -5.457300775289904982e-01 -1.127344680557570422e+00 -1.674332797175223764e+00 -9.067227325691277207e-01
-2.048087339069634805e+00 -4.571349593078535278e-01 -1.414726287280068329e+00 -2.609776389937199514e-01 3.915598924599857922e-01 1.025746587898409112e+00 -1.696405095947203234e+00 1.028640685972803670e+00 5.782767820510047452e-01 -9.980648899154210829e-01
2.242316173483235975e+00 -2.406494364722520929e-01 -1.666426656104866844e+00 -9.439085691379019982e-01 9.156687983204850889e-01 -2.604678828174463945e+00 -6.584715574112014469e-01 1.423927226628172171e-01 -8.609099502220397548e-01 4.302993315120052786e-01
-7.826026905628523656e-01 3.720739443757768994e-01 -1.003807068317715157e+00 -4.399052337889655662e-01 2.845888684805963464e+00 -1.108828828856728288e+00 -1.927642337071576062e+00 -4.051386982459012076e-01 -1.844469752987866640e+00 2.478952266864518084e+00
1.244937603130325393e-01 -6.471641396103642307e-01 -1.842430869086098211e+00 -1.494450242292504116e+00 -9.183421745208520948e-01 5.122017432699110806e-01 7.150756256040186054e-01 -5.312613359674320246e-02 -2.552344061262126207e-01 7.567236842812304909e-01
-9.459946935025725923e-02 1.164849590469759777e+00 -1.544063901194827393e+00 -1.366719223170089315e+00 -2.270487908381221054e+00 2.104118559734822203e+00 -4.701919473395254623e-01 1.130952578973987377e+00 -1.102296222877259924e+00 1.550795228055203978e+00
-6.691835012237068447e-02 1.922875733379739993e-01 -2.390732337813880726e+00 -1.233759427942037606e-01 9.333786115706038666e-02 -2.535392909475564505e-01 3.590219258667689539e-01 4.824723307540244033e-01 7.214779861336493294e-01 -8.000569797207310874e-01
